5.4400,-107.48000,-0.22000000
0.000000,0.000000,0.000000
1.000000,1.000000,1.000000
-16.43022,-16.43022,0.000
25, 25
0,10 0,24 14
0,24 0,10 14
24,24 6,24 18
6,24 24,24 18
24,0 24,10 10
24,10 24,0 10
0,0 24,0 24
24,0 0,0 24
0,10 0,0 10
0,0 0,10 10
24,10 24,16 6
24,16 24,10 6
0,10 6,10 6
6,10 0,10 6
6,24 0,24 6
0,24 6,24 6
6,10 17,10 11
17,10 6,10 11
6,24 6,16 8
6,16 6,24 8
24,16 24,24 8
24,24 24,16 8
6,16 6,10 6
6,10 6,16 6
24,16 17,16 7
17,16 24,16 7
17,16 6,16 11
6,16 17,16 11
17,10 24,10 7
24,10 17,10 7
17,16 17,10 6
17,10 17,16 6
